1 0 22421192 4
1 0 23177514 8
1 0 23177515 8
1 0 23306912 2
1 0 23619301 1
1 0 23877009 2
1 0 23975637 4
1 0 23997941 2
1 0 24136010 2
1 0 24150533 8
1 0 24259629 8
1 0 24273599 2
1 0 24347491 1
1 0 24534706 2
1 0 24559322 2
1 0 24597359 2
1 0 24616571 2
1 0 24623990 2
1 0 24691568 2
1 0 24756792 2
1 0 24763611 2
1 0 25031991 2
1 0 25045279 2
1 0 25071018 2
1 0 25138900 2
1 0 25213161 8
1 0 25223744 2
1 0 25326159 8
1 0 25335705 2
1 0 25473295 2
1 0 25544765 4
1 0 25550574 2
1 0 25563977 2
1 0 25668193 1
1 0 25672574 2
1 0 25731247 2
1 0 25752908 2
1 0 25838391 1
1 0 25981818 8
1 0 25998375 2
1 0 26045027 2
1 0 26184520 2
1 0 26212373 2
1 0 26232849 2
1 0 26334693 4
1 0 26419617 2
1 0 26438070 2
1 0 26508880 2
1 0 26559195 2
1 0 26809522 2
1 0 26870193 2
1 0 26905101 2
1 0 27004155 2
1 0 27007241 2
1 0 27037815 2
1 0 27156856 2
1 0 27166185 2
1 0 27284251 2
1 0 27325864 8
1 0 27341600 2
1 0 27398042 2
1 0 27466548 2
1 0 27551256 2
1 0 27580057 1
1 0 27703962 2
1 0 27752061 1
1 0 27780365 4
1 0 27865140 2
1 0 27888325 4
1 0 27900102 1
1 0 27938508 2
1 0 28032528 4
1 0 28089507 2
1 0 28259999 2
1 0 28302530 1
1 0 28378839 2
1 0 28422839 2
1 0 28451414 2
1 0 28454726 2
1 0 28479358 1
1 0 28622036 2
1 0 28710508 8
1 0 28781808 2
1 0 28790159 2
1 0 28818109 2
1 0 28844343 8
1 0 28874891 2
1 0 28894015 2
1 0 28936569 8
1 0 28978118 4
1 0 29174481 8
1 0 29175677 8
1 0 29304109 2
1 0 29599312 4
1 0 29940763 2
1 0 30120161 4
1 0 30190299 4
1 0 30190967 2
1 0 30290640 8
1 0 30323618 8
2 0 20660290 2
2 0 20979469 2
2 0 21156280 1
2 0 21358343 2
2 0 21757253 1
2 0 21791641 1
2 0 22076124 4
2 0 22568572 1
2 0 22825000 4
2 0 22954507 1
2 0 22968692 4
2 0 22986231 4
2 0 23561899 1
2 0 23639470 2
2 0 24857124 1
2 0 25135623 1
2 0 25301566 2
2 0 25302162 4
2 0 25322323 4
2 0 25502629 1
2 0 25556163 1
2 0 25586273 0
2 0 25601484 4
2 0 25652176 1
2 0 25855240 4
2 0 25888090 1
2 0 26045026 1
2 0 26144315 1
2 0 26186355 1
2 0 26229087 4
2 0 26264346 1
2 0 26294238 4
2 0 26389762 4
2 0 26464158 1
2 0 26598747 2
2 0 26751586 1
2 0 26775573 1
2 0 26775590 1
2 0 26852079 4
2 0 26951079 4
2 0 27049722 1
2 0 27091190 1
2 0 27232673 1
2 0 27318655 1
2 0 27324494 1
2 0 27330348 1
2 0 27359268 1
2 0 27411885 2
2 0 27413712 1
2 0 27498387 2
2 0 27561801 2
2 0 27566263 2
2 0 27682212 4
2 0 27707887 1
2 0 27784815 1
2 0 27835601 4
2 0 27841077 1
2 0 27888620 1
2 0 28054318 4
2 0 28056412 8
2 0 28101031 1
2 0 28285684 1
2 0 28427013 1
2 0 28455243 1
2 0 28586279 8
2 0 28588841 1
2 0 28589432 2
2 0 28600466 8
2 0 28606126 4
2 0 28689043 4
2 0 28721071 1
2 0 28745554 4
2 0 28829490 8
2 0 29095090 1
2 0 29151522 1
2 0 29174221 8
2 0 29180936 1
2 0 29207989 1
2 0 29226313 1
2 0 29317835 2
2 0 29321093 2
2 0 29455675 1
2 0 29463284 1
2 0 29467147 4
2 0 29524063 1
2 0 29526950 1
2 0 29668860 8
2 0 29713488 1
2 0 29744229 1
2 0 29877262 1
2 0 30030733 4
2 0 30090122 4
2 0 30096454 1
2 0 30144837 4
2 0 30201071 1
2 0 30230699 8
2 0 30233266 8
2 0 30239586 1
2 0 30348720 2
2 0 30519133 1
3 0 28000291 4
3 0 28516360 2
3 0 28561688 4
3 0 28607922 4
3 0 28645776 8
3 0 29137217 2
3 0 29498296 8
3 0 29976747 4
3 0 30039554 8
3 0 30305501 2
3 0 30514344 4
4 0 23207793 2
4 0 23414591 8
4 0 23587417 2
4 0 23608443 4
4 0 24569456 1
4 0 24588908 2
4 0 24864047 4
4 0 25788221 4
4 0 25796376 8
4 0 25937299 1
4 0 25993155 4
4 0 26001180 2
4 0 26053277 1
4 0 26123090 8
4 0 26141621 4
4 0 26219523 4
4 0 26673799 4
4 0 26743513 8
4 0 26925841 1
4 0 27071922 8
4 0 27148822 2
4 0 27149444 8
4 0 27309887 8
4 0 27497344 4
4 0 27729458 1
4 0 28152546 8
4 0 28277830 8
4 0 28284557 8
4 0 28284558 8
4 0 28412197 4
4 0 28513992 4
4 0 28537004 4
4 0 28558767 1
4 0 28587477 8
4 0 28640105 4
4 0 28711086 4
4 0 28724666 2
4 0 28851243 8
4 0 28919996 4
4 0 28921565 1
4 0 28938534 2
4 0 29024814 1
4 0 29040252 8
4 0 29156659 8
4 0 29245078 8
4 0 29356698 4
4 0 29363351 4
4 0 29573940 4
4 0 29573941 4
4 0 29628797 4
4 0 29651128 4
4 0 29767411 1
4 0 29785570 1
4 0 29844129 4
4 0 29903896 4
4 0 29946554 1
4 0 30018031 4
4 0 30086074 4
4 0 30117021 4
4 0 30118796 4
4 0 30154648 2
4 0 30169430 4
4 0 30205280 4
4 0 30219625 4
4 0 30219628 4
4 0 30281669 4
4 0 30349640 4
4 0 30352565 1
4 0 30376465 4
4 0 30410366 4
4 0 30468696 4
5 0 16474853 4
5 0 16757355 0
5 0 16880785 4
5 0 16890795 0
5 0 16988583 0
5 0 17016424 0
5 0 17575107 1
5 0 17953709 1
5 0 18087180 0
5 0 18192256 0
5 0 18650514 4
5 0 18676765 0
5 0 19707458 0
5 0 21883324 1
5 0 22596232 0
5 0 23395995 1
5 0 25294897 1
5 0 25376291 1
5 0 25965825 0
5 0 27141070 0
5 0 29844385 1
5 0 30506570 1
6 0 10215433 1
6 0 10570020 0
6 0 10570433 1
6 0 10638963 0
6 0 10761758 1
6 0 10806676 1
6 0 11082722 0
6 0 11093052 1
6 0 11240716 1
6 0 11268500 1
6 0 11277642 1
6 0 11486702 1
6 0 11535983 0
6 0 11697824 0
6 0 11812097 1
6 0 11855873 1
6 0 12072422 1
6 0 12172979 0
6 0 12648576 1
6 0 12691311 2
6 0 12926091 1
6 0 1411622 1
6 0 1411634 1
6 0 1473749 1
6 0 15041708 0
6 0 15297180 1
6 0 15326195 0
6 0 15449183 1
6 0 16112177 1
6 0 16122184 1
6 0 16860852 4
6 0 16959305 1
6 0 17094381 0
6 0 17362312 1
6 0 17362316 1
6 0 1739629 1
6 0 17420631 0
6 0 17433855 1
6 0 17498782 1
6 0 18691879 1
6 0 18692224 1
6 0 19039248 1
6 0 19059635 1
6 0 19824461 1
6 0 20054549 1
6 0 20096282 0
6 0 2019469 0
6 0 2066762 1
6 0 20718253 0
6 0 21151415 1
6 0 21324160 0
6 0 2227588 1
6 0 23041585 1
6 0 23276720 1
6 0 23352917 1
6 0 23515753 0
6 0 23867999 1
6 0 23898228 0
6 0 2404843 0
6 0 2406922 1
6 0 24575012 2
6 0 24825122 2
6 0 24827126 2
6 0 25150129 1
6 0 25158060 0
6 0 25499884 2
6 0 25502447 1
6 0 25556916 1
6 0 2655961 1
6 0 27739325 2
6 0 27765459 0
6 0 28087643 0
6 0 28715532 0
6 0 28790114 2
6 0 28837250 1
6 0 29163180 1
6 0 29713086 0
6 0 29750868 1
6 0 29894072 1
6 0 30194194 1
6 0 30207104 1
6 0 30335131 0
6 0 3311924 1
6 0 3435704 1
6 0 3659022 0
6 0 7541158 1
6 0 7597439 1
6 0 7673023 1
6 0 7875155 1
6 0 7931475 1
6 0 8186155 1
6 0 8656258 1
6 0 8680083 1
6 0 9209661 1
6 0 9209665 1
6 0 9234925 1
6 0 9346219 1
6 0 9346222 1
6 0 9541681 1
6 0 9708936 1
7 0 20406929 8
7 0 20609467 8
7 0 21097693 1
7 0 21862406 1
7 0 22145984 2
7 0 22203755 4
7 0 22706117 4
7 0 22784123 1
7 0 23231976 1
7 0 23619942 8
7 0 23666017 4
7 0 23810467 4
7 0 23922302 4
7 0 24413181 4
7 0 24607283 1
7 0 24631446 1
7 0 24748377 0
7 0 24827126 4
7 0 24841718 1
7 0 25366685 8
7 0 25583815 8
7 0 25616434 8
7 0 25725131 4
7 0 25757679 8
7 0 25975349 0
7 0 26051946 8
7 0 26118881 8
7 0 26187614 8
7 0 26447876 4
7 0 26485111 0
7 0 26510020 0
7 0 26577420 0
7 0 26694829 1
7 0 26723501 4
7 0 26753012 8
7 0 26899229 4
7 0 26931795 4
7 0 26937492 8
7 0 26961146 4
7 0 26967466 8
7 0 27003155 4
7 0 27022037 4
7 0 27062051 8
7 0 27065456 4
7 0 27141070 8
7 0 27186080 8
7 0 27267353 1
7 0 27282964 4
7 0 27323902 4
7 0 27374179 1
7 0 27415012 1
7 0 27426307 4
7 0 27465688 4
7 0 27506954 8
7 0 27514841 4
7 0 27617661 8
7 0 27663600 4
7 0 27673289 4
7 0 27716873 1
7 0 27736844 4
7 0 27819228 8
7 0 27884198 1
7 0 27993796 4
7 0 28003870 4
7 0 28028375 0
7 0 28454085 1
7 0 28508305 1
7 0 28525389 4
7 0 28601509 4
7 0 28625311 4
7 0 28692916 0
7 0 28754483 8
7 0 28895177 0
7 0 29187880 1
7 0 29255348 1
7 0 29262321 0
7 0 29545475 1
7 0 29567272 1
7 0 29582690 0
7 0 29593098 8
7 0 29644491 0
7 0 29750420 1
7 0 29879343 0
7 0 29895102 1
7 0 30003858 1
7 0 30025822 1
7 0 30050710 1
7 0 30116283 4
7 0 30186027 1
7 0 30271179 8
7 0 30342021 4
7 0 30345884 8
7 0 30347758 1
7 0 30353044 8
7 0 30357650 1
7 0 30389822 1
7 0 30414739 0
7 0 30456461 8
7 0 30479195 4
7 0 30522378 0
8 0 19168207 1
8 0 20631063 2
8 0 21183737 8
8 0 21368455 2
8 0 21884432 2
8 0 21922196 2
8 0 21945869 2
8 0 23066035 8
8 0 23565244 0
8 0 23729402 8
8 0 26281686 2
8 0 26694829 2
8 0 27002934 8
8 0 27022037 2
8 0 27087632 8
8 0 27141070 2
8 0 27908594 8
8 0 28057616 2
8 0 28222073 8
8 0 28247266 8
8 0 28264872 8
8 0 28388401 8
8 0 28588062 8
8 0 28790837 8
8 0 28916367 8
8 0 28974545 4
8 0 29166829 8
8 0 29189915 8
8 0 29606854 8
8 0 29977351 8
8 0 30051098 0
8 0 30186027 8
8 0 30266954 8
8 0 30293710 2
8 0 30333088 4
8 0 30425037 8
8 0 30426062 8
8 0 30464492 8
8 0 30478649 4
8 0 30518089 2
9 0 10785486 4
9 0 12712461 2
9 0 12712470 4
9 0 15258697 1
9 0 16337857 1
9 0 17925548 1
9 0 18056200 1
9 0 18264087 1
9 0 18264088 1
9 0 18347558 2
9 0 18720553 1
9 0 18764727 2
9 0 18977023 2
9 0 19074863 2
9 0 19602291 1
9 0 19955925 4
9 0 20547987 2
9 0 21205087 2
9 0 21472713 8
9 0 21521830 2
9 0 21990299 4
9 0 22139894 4
9 0 23022887 2
9 0 23344037 2
9 0 23346316 2
9 0 23378788 2
9 0 23468275 2
9 0 23543211 4
9 0 23850468 4
9 0 23867999 4
9 0 24063014 2
9 0 24081797 4
9 0 24131965 2
9 0 24273649 2
9 0 24510983 2
9 0 24579064 2
9 0 24842883 8
9 0 25136623 2
9 0 25248112 8
9 0 25481791 8
9 0 25525571 2
9 0 25634215 1
9 0 26021697 1
9 0 26180927 8
9 0 26646960 2
9 0 26964031 1
9 0 27471560 2
9 0 27558151 2
9 0 27869444 2
9 0 27869446 2
9 0 28184293 2
9 0 28222073 8
9 0 28546758 2
9 0 28616458 4
9 0 28626402 4
9 0 29045554 8
9 0 29066501 1
9 0 29191972 1
9 0 29232464 2
9 0 29541174 4
9 0 29587661 4
9 0 29724815 8
9 0 30067614 2
9 0 30207104 2
10 0 19553641 2
10 0 20049345 2
10 0 20609468 2
10 0 21097693 2
10 0 21326243 2
10 0 21718592 8
10 0 21862407 2
10 0 21884642 0
10 0 21945869 2
10 0 22180407 2
10 0 22203755 8
10 0 22452356 8
10 0 22706123 2
10 0 22759740 2
10 0 22788971 8
10 0 22906755 0
10 0 23165508 2
10 0 23524863 0
10 0 23619942 2
10 0 23847380 8
10 0 24043945 2
10 0 24098868 8
10 0 24631446 2
10 0 24748377 1
10 0 24827126 4
10 0 24841718 0
10 0 24842883 2
10 0 24984781 2
10 0 25025963 2
10 0 25218906 8
10 0 25286972 2
10 0 25366685 4
10 0 25481791 4
10 0 25708226 2
10 0 25757679 8
10 0 25883215 2
10 0 25899311 8
10 0 26021697 2
10 0 26051946 2
10 0 26118881 2
10 0 26124328 0
10 0 26187614 2
10 0 26309417 2
10 0 26723501 2
10 0 26899229 4
10 0 26961146 8
10 0 26962171 0
10 0 27022037 4
10 0 27256873 2
10 0 27282964 2
10 0 27323902 0
10 0 27385701 2
10 0 27426307 2
10 0 27444036 2
10 0 27465688 2
10 0 27617661 8
10 0 27642590 2
10 0 27687312 0
10 0 27824811 8
10 0 27931843 2
10 0 27958297 8
10 0 27993796 2
10 0 28003870 2
10 0 28028375 0
10 0 28033382 0
10 0 28207569 0
10 0 28221868 2
10 0 28223274 8
10 0 28280302 0
10 0 28536297 0
10 0 28578601 0
10 0 28706762 0
10 0 28754483 8
10 0 28812596 8
10 0 28841282 2
10 0 29152062 2
10 0 29255348 2
10 0 29262321 2
10 0 29270064 4
10 0 29512470 2
10 0 29545922 2
10 0 29750868 2
10 0 29895102 2
10 0 30026002 8
10 0 30032296 2
10 0 30067621 0
10 0 30116283 0
10 0 30118334 0
10 0 30127642 8
10 0 30181424 0
10 0 30333000 0
10 0 30333088 8
10 0 30345884 8
10 0 30353044 2
10 0 30407325 0
10 0 30456461 8
10 0 30478649 4
10 0 30479195 8
10 0 30518089 2
10 0 30522378 2
11 0 24919854 1
11 0 26149830 1
11 0 26303211 2
11 0 26432508 4
11 0 26642065 2
11 0 26830312 4
11 0 26896604 1
11 0 26909611 1
11 0 26995305 4
11 0 27017286 4
11 0 27030077 4
11 0 27087139 2
11 0 27217383 2
11 0 27220784 1
11 0 27312735 1
11 0 27371575 1
11 0 27391058 1
11 0 27429659 2
11 0 27493615 4
11 0 27646965 2
11 0 27748766 1
11 0 27816545 1
11 0 28126188 1
11 0 28197838 2
11 0 28325261 2
11 0 28359238 4
11 0 28438180 2
11 0 28533223 4
11 0 28540640 8
11 0 28580868 2
11 0 28580882 2
11 0 28657360 2
11 0 28706010 2
11 0 28741274 8
11 0 28848657 4
11 0 28860413 1
11 0 28918692 1
11 0 28923217 2
11 0 28950333 1
11 0 28961554 2
11 0 28968163 4
11 0 28978559 1
11 0 29027483 2
11 0 29039423 1
11 0 29050219 1
11 0 29059158 1
11 0 29125595 1
11 0 29128965 1
11 0 29147869 8
11 0 29153893 1
11 0 29221116 2
11 0 29234248 2
11 0 29236235 2
11 0 29245989 1
11 0 29374415 1
11 0 29392622 4
11 0 29429832 1
11 0 29470723 8
11 0 29483214 1
11 0 29497278 4
11 0 29522364 4
11 0 29527939 8
11 0 29539425 1
11 0 29716919 1
11 0 29725889 4
11 0 29726787 4
11 0 29731395 4
11 0 29784737 1
11 0 29792845 4
11 0 29804650 2
11 0 29884743 2
11 0 29899762 2
11 0 29933034 2
11 0 29935900 2
11 0 29935901 2
11 0 30014236 1
11 0 30054831 8
11 0 30079740 4
11 0 30082474 1
11 0 30099886 4
11 0 30131386 1
11 0 30143968 2
11 0 30148117 2
11 0 30167331 2
11 0 30185666 1
11 0 30186457 1
11 0 30202447 2
11 0 30214230 4
11 0 30344100 1
11 0 30359883 2
11 0 30360668 4
11 0 30375908 2
11 0 30385657 1
11 0 30401694 1
11 0 30443290 1
11 0 30449032 1
11 0 30478914 2
11 0 30508677 2
11 0 30513476 1
11 0 30520756 4
12 0 25122067 0
12 0 25716100 1
12 0 25876993 1
12 0 25941111 1
12 0 26053278 1
12 0 26149830 0
12 0 26303211 1
12 0 26306734 1
12 0 26432508 0
12 0 26642065 1
12 0 26726315 1
12 0 26830312 1
12 0 26896604 1
12 0 26909611 0
12 0 26978007 0
12 0 27017286 1
12 0 27030077 1
12 0 27087139 1
12 0 27217383 2
12 0 27220784 1
12 0 27249772 1
12 0 27312735 2
12 0 27322766 1
12 0 27354271 1
12 0 27371575 1
12 0 27493615 1
12 0 27646965 1
12 0 27748766 2
12 0 27986713 1
12 0 28126188 1
12 0 28197838 1
12 0 28325261 1
12 0 28359238 1
12 0 28438180 1
12 0 28533223 2
12 0 28540640 2
12 0 28580868 0
12 0 28580882 4
12 0 28657360 1
12 0 28706010 1
12 0 28741274 1
12 0 28848657 4
12 0 28923217 1
12 0 28939653 1
12 0 28961554 1
12 0 28968163 4
12 0 28978559 1
12 0 29027483 1
12 0 29039423 1
12 0 29050219 2
12 0 29059158 2
12 0 29097609 0
12 0 29125595 1
12 0 29128965 1
12 0 29147869 8
12 0 29221116 0
12 0 29232554 1
12 0 29236235 1
12 0 29245989 0
12 0 29374415 1
12 0 29392622 1
12 0 29470723 4
12 0 29483214 2
12 0 29497278 1
12 0 29522364 1
12 0 29527939 4
12 0 29539425 2
12 0 29700711 1
12 0 29725889 1
12 0 29726787 1
12 0 29731395 1
12 0 29784737 1
12 0 29792845 1
12 0 29847850 1
12 0 29884743 1
12 0 29899762 1
12 0 29933034 1
12 0 29935901 1
12 0 29951582 1
12 0 30054831 4
12 0 30079740 1
12 0 30099886 1
12 0 30143968 1
12 0 30148117 1
12 0 30167331 1
12 0 30202447 1
12 0 30214230 1
12 0 30359883 1
12 0 30360668 1
12 0 30375908 4
12 0 30385657 1
12 0 30465154 4
12 0 30498279 1
12 0 30520756 1
13 0 18415014 4
13 0 25633797 2
13 0 25716100 2
13 0 25876993 2
13 0 25941111 2
13 0 26053278 2
13 0 26149830 1
13 0 26303211 2
13 0 26306734 2
13 0 26432508 8
13 0 26557774 2
13 0 26642065 2
13 0 26658964 2
13 0 26726315 2
13 0 26896604 2
13 0 26977878 1
13 0 26978007 1
13 0 27017286 2
13 0 27030077 2
13 0 27087139 2
13 0 27217383 4
13 0 27322766 2
13 0 27354271 4
13 0 27493615 2
13 0 27496135 2
13 0 27748766 1
13 0 27816545 1
13 0 27986713 4
13 0 28126188 2
13 0 28197838 2
13 0 28303264 2
13 0 28325261 2
13 0 28359238 2
13 0 28438180 2
13 0 28479958 2
13 0 28516152 2
13 0 28533223 4
13 0 28580882 8
13 0 28620137 1
13 0 28626036 1
13 0 28649895 2
13 0 28657360 2
13 0 28741274 8
13 0 28758424 2
13 0 28813415 1
13 0 28848657 8
13 0 28918692 1
13 0 28939653 2
13 0 28961554 2
13 0 28968163 8
13 0 29027483 2
13 0 29050219 1
13 0 29059158 1
13 0 29097609 2
13 0 29103175 8
13 0 29221116 1
13 0 29232554 2
13 0 29236235 8
13 0 29245989 1
13 0 29392622 2
13 0 29470723 8
13 0 29483214 1
13 0 29497278 2
13 0 29522364 2
13 0 29539425 1
13 0 29700711 2
13 0 29716919 1
13 0 29725889 1
13 0 29726787 2
13 0 29784737 2
13 0 29792845 8
13 0 29847850 2
13 0 29860922 4
13 0 29884743 2
13 0 29899762 2
13 0 29933034 2
13 0 29935900 2
13 0 29935901 2
13 0 29951582 8
13 0 30038670 2
13 0 30079740 8
13 0 30099886 8
13 0 30143968 2
13 0 30148117 2
13 0 30167331 1
13 0 30214230 2
13 0 30359883 2
13 0 30360668 2
13 0 30375908 8
13 0 30380421 1
13 0 30498279 2
13 0 30520756 2
14 0 15280184 1
14 0 15543763 1
14 0 15786432 2
14 0 26053278 8
14 0 26303211 8
14 0 26306734 8
14 0 26658964 8
14 0 26726315 8
14 0 26896604 8
14 0 26995305 8
14 0 27017286 2
14 0 27030077 1
14 0 27336726 4
14 0 27493615 8
14 0 27542767 2
14 0 27717303 4
14 0 27729458 2
14 0 27746106 4
14 0 27810861 1
14 0 28099830 1
14 0 28102647 1
14 0 28102649 1
14 0 28226315 1
14 0 28249908 2
14 0 28351928 8
14 0 28356261 1
14 0 28356596 1
14 0 28359238 8
14 0 28395543 4
14 0 28417244 1
14 0 28432176 2
14 0 28438180 8
14 0 28515242 4
14 0 28580868 8
14 0 28618307 2
14 0 28706010 8
14 0 28741274 8
14 0 28758424 8
14 0 28838206 8
14 0 28875723 1
14 0 28961554 8
14 0 29027483 8
14 0 29058175 4
14 0 29059492 2
14 0 29097609 2
14 0 29119080 1
14 0 29164421 4
14 0 29229752 4
14 0 29236235 8
14 0 29236940 2
14 0 29263697 8
14 0 29344106 8
14 0 29355400 8
14 0 29404806 4
14 0 29437768 4
14 0 29457921 8
14 0 29470723 8
14 0 29527939 8
14 0 29609880 8
14 0 29654415 4
14 0 29685881 1
14 0 29700711 8
14 0 29718092 4
14 0 29725889 8
14 0 29765547 2
14 0 29780257 8
14 0 29784737 1
14 0 29789630 2
14 0 29792845 8
14 0 29799329 1
14 0 29804902 4
14 0 29804904 1
14 0 29847850 8
14 0 29860922 4
14 0 29861642 8
14 0 29872179 1
14 0 29899762 8
14 0 29930396 2
14 0 29933034 8
14 0 29935900 8
14 0 29935901 8
14 0 29951582 8
14 0 30005916 4
14 0 30079740 8
14 0 30148117 8
14 0 30167331 1
14 0 30194622 4
14 0 30202447 2
14 0 30214230 1
14 0 30340505 4
14 0 30359883 8
14 0 30360668 8
14 0 30375908 8
14 0 30443290 1
14 0 30465154 8
14 0 30478914 8
14 0 30479671 8
14 0 30510455 8
14 0 30520756 8
14 0 30522347 2
15 0 23266614 1
15 0 23293114 2
15 0 23816967 4
15 0 23883584 1
15 0 23959269 1
15 0 23982599 1
15 0 24051929 1
15 0 24058967 2
15 0 24086949 1
15 0 24591666 8
15 0 24724908 4
15 0 24752335 1
15 0 24758910 2
15 0 24842595 1
15 0 24878189 1
15 0 24977454 1
15 0 25034590 1
15 0 25126444 1
15 0 25309870 1
15 0 25382705 1
15 0 25477325 1
15 0 25503781 4
15 0 25517450 2
15 0 25589191 4
15 0 25853020 1
15 0 25855240 1
15 0 25943319 1
15 0 26051236 8
15 0 26052929 1
15 0 26092590 4
15 0 26094656 4
15 0 26186355 2
15 0 26202045 1
15 0 26296295 2
15 0 26354527 2
15 0 26366094 1
15 0 26398757 1
15 0 26414352 1
15 0 26418897 1
15 0 26446154 1
15 0 26504000 1
15 0 26557768 1
15 0 26668065 1
15 0 26745059 1
15 0 26768483 1
15 0 26781399 1
15 0 26798593 1
15 0 26809532 2
15 0 26823294 4
15 0 26911310 2
15 0 26961138 1
15 0 27029623 2
15 0 27040072 2
15 0 27040849 2
15 0 27426242 1
15 0 27506489 2
15 0 27550238 2
15 0 27565905 2
15 0 27699048 2
15 0 27794398 2
15 0 27821794 1
15 0 27886858 2
15 0 27900441 2
15 0 27920501 1
15 0 28007626 8
15 0 28111428 2
15 0 28115857 1
15 0 28299582 2
15 0 28388009 1
15 0 28426106 4
15 0 28560182 1
15 0 28625629 2
15 0 28870946 1
15 0 29123418 1
15 0 29225262 2
15 0 29416353 4
15 0 29423683 2
15 0 29446042 2
15 0 29455650 1
15 0 29546681 2
15 0 29587666 1
15 0 29656750 2
15 0 29700687 1
15 0 29702285 2
15 0 29731638 2
15 0 29748023 1
15 0 29799327 1
15 0 29805772 2
15 0 29849936 1
15 0 29898592 4
15 0 30018881 1
15 0 30035369 1
15 0 30069769 1
15 0 30192383 2
15 0 30239509 4
15 0 30267319 1
15 0 30336693 2
15 0 30345256 2
15 0 30483795 1
15 0 30485437 4
16 0 25923549 2
16 0 25948633 1
16 0 26473643 1
16 0 26720671 1
16 0 26898616 1
16 0 26943236 1
16 0 26958497 1
16 0 26958499 1
16 0 27177916 1
16 0 27229180 4
16 0 27354477 2
16 0 27439477 1
16 0 27491402 4
16 0 27612423 1
16 0 27641462 1
16 0 27649127 1
16 0 27885838 4
16 0 27910964 1
16 0 27912760 1
16 0 27959700 8
16 0 27986747 1
16 0 27989430 1
16 0 28009438 2
16 0 28104619 2
16 0 28116908 1
16 0 28167215 1
16 0 28296233 1
16 0 28302223 1
16 0 28344665 1
16 0 28352770 1
16 0 28416483 1
16 0 28416737 1
16 0 28419328 1
16 0 28449447 1
16 0 28514610 1
16 0 28528303 1
16 0 28625643 1
16 0 28625644 1
16 0 28676222 1
16 0 28716641 1
16 0 28781309 1
16 0 28808573 1
16 0 28838405 1
16 0 28839001 1
16 0 28843359 1
16 0 28880737 1
16 0 29074211 1
16 0 29074213 1
16 0 29138581 1
16 0 29151359 8
16 0 29178442 2
16 0 29212784 1
16 0 29247383 2
16 0 29277186 1
16 0 29293889 2
16 0 29383041 1
16 0 29386539 1
16 0 29399354 1
16 0 29425688 1
16 0 29487786 1
16 0 29496249 2
16 0 29505901 2
16 0 29524556 1
16 0 29610752 1
16 0 29641535 1
16 0 29703545 1
16 0 29713646 2
16 0 29755953 1
16 0 29789021 2
16 0 29799091 1
16 0 29858020 2
16 0 29915896 1
16 0 29930751 2
16 0 30018881 1
16 0 30034635 2
16 0 30034636 1
16 0 30039345 2
16 0 30045282 8
16 0 30079781 1
16 0 30112177 1
16 0 30126856 2
16 0 30127622 1
16 0 30146570 1
16 0 30151614 1
16 0 30158414 1
16 0 30189719 2
16 0 30194172 2
16 0 30224350 1
16 0 30237726 1
16 0 30240852 8
16 0 30267319 1
16 0 30288054 1
16 0 30368410 1
16 0 30405134 1
16 0 30451714 1
16 0 30457891 1
16 0 30474188 2
16 0 30483795 1
16 0 30500458 1
16 0 30512189 2
17 0 21732753 1
17 0 22888144 1
17 0 23328549 4
17 0 23414476 2
17 0 23980079 1
17 0 23985030 1
17 0 24051929 1
17 0 24058967 1
17 0 24086949 1
17 0 24386407 1
17 0 24399452 2
17 0 24435321 1
17 0 24675505 1
17 0 24787964 8
17 0 24835218 1
17 0 24977454 1
17 0 25140039 2
17 0 25185188 1
17 0 25302162 1
17 0 25382705 1
17 0 25417728 1
17 0 25435079 1
17 0 25477325 1
17 0 25537159 4
17 0 25580271 1
17 0 25589191 8
17 0 25611025 1
17 0 25629371 1
17 0 25704957 8
17 0 25725588 0
17 0 25753560 0
17 0 25795635 8
17 0 25841484 8
17 0 26051236 4
17 0 26052929 1
17 0 26123538 1
17 0 26134234 1
17 0 26156651 8
17 0 26186355 1
17 0 26206867 1
17 0 26286086 1
17 0 26469914 1
17 0 26575001 1
17 0 26598547 2
17 0 26646759 8
17 0 26668065 0
17 0 26681011 1
17 0 26852079 1
17 0 26862733 2
17 0 26929305 1
17 0 26933807 8
17 0 26964772 1
17 0 27511219 2
17 0 27550238 1
17 0 27626838 1
17 0 27794398 1
17 0 27825109 1
17 0 27903463 1
17 0 27912836 1
17 0 27935868 2
17 0 28007626 8
17 0 28030859 1
17 0 28090532 1
17 0 28138934 1
17 0 28299582 1
17 0 28462807 8
17 0 28484248 1
17 0 28577938 2
17 0 28676220 2
17 0 28729180 8
17 0 28739703 4
17 0 28838394 2
17 0 28980030 1
17 0 29110849 2
17 0 29237484 2
17 0 29376400 2
17 0 29383041 1
17 0 29416353 1
17 0 29423683 2
17 0 29532558 1
17 0 29540977 1
17 0 29545937 8
17 0 29561699 1
17 0 29587666 1
17 0 29653820 8
17 0 29656750 1
17 0 29799327 1
17 0 29849936 2
17 0 29872644 1
17 0 29898592 2
17 0 29899551 0
17 0 29978938 0
17 0 30069769 1
17 0 30276451 4
17 0 30290647 2
17 0 30309221 1
17 0 30320506 1
17 0 30355049 1
17 0 30379401 1
17 0 30464688 1
18 0 17158546 8
18 0 17255304 1
18 0 17366861 1
18 0 17660871 1
18 0 17804854 0
18 0 18084154 1
18 0 18185488 1
18 0 18265991 1
18 0 18370442 1
18 0 18385198 8
18 0 18458675 4
18 0 18801619 1
18 0 18818922 2
18 0 18825295 1
18 0 18836338 1
18 0 18981458 1
18 0 19070807 1
18 0 19100905 8
18 0 19213664 2
18 0 19229667 8
18 0 19300979 1
18 0 19402059 1
18 0 19528803 1
18 0 19538761 1
18 0 19748725 1
18 0 19808140 2
18 0 19936012 1
18 0 19939892 1
18 0 19963096 1
18 0 19963099 8
18 0 19963100 8
18 0 20028613 8
18 0 20028765 2
18 0 20164669 1
18 0 20207176 1
18 0 20298531 0
18 0 20347211 1
18 0 20430774 2
18 0 20435564 1
18 0 20535957 1
18 0 20625300 1
18 0 20828385 1
18 0 21049085 1
18 0 21139932 1
18 0 21299441 1
18 0 21417551 8
18 0 21482991 1
18 0 21512806 4
18 0 21521416 0
18 0 21526001 1
18 0 21560067 1
18 0 21664867 4
18 0 21707289 1
18 0 21736504 4
18 0 21789079 1
18 0 21827392 1
18 0 21894244 1
18 0 21952069 8
18 0 22322364 0
18 0 22475451 1
18 0 22861825 1
18 0 23016912 0
18 0 23063578 4
18 0 23114786 2
18 0 23128843 1
18 0 23186017 1
18 0 23510293 4
18 0 23523056 1
18 0 23692504 1
18 0 23726267 2
18 0 23736025 8
18 0 24019183 4
18 0 24313573 4
18 0 24373609 2
18 0 24378576 1
18 0 24493623 0
18 0 24674872 2
18 0 24756806 1
18 0 25054058 8
18 0 25152703 0
18 0 25465491 2
18 0 25477108 1
18 0 25556030 2
18 0 25808836 1
18 0 25937425 8
18 0 26107737 1
18 0 26240132 8
18 0 26330533 8
18 0 26535485 1
18 0 26686201 1
18 0 26781820 4
18 0 26982238 0
18 0 27515221 0
18 0 27526062 2
18 0 27891093 1
18 0 27979728 0
18 0 28676933 2
18 0 29118224 1
18 0 29225833 1
18 0 30374686 4
20 0 16474853 0
20 0 16908937 8
20 0 17178882 2
20 0 19220580 1
20 0 19724687 1
20 0 19830497 2
20 0 19910069 1
20 0 19913321 2
20 0 21109933 2
20 0 21187475 2
20 0 21239203 0
20 0 21351273 2
20 0 21691147 2
20 0 21705501 0
20 0 21734462 2
20 0 21979753 0
20 0 22011296 8
20 0 22190165 0
20 0 22322234 2
20 0 22414764 2
20 0 22583422 1
20 0 22588555 0
20 0 22833259 2
20 0 22890726 8
20 0 22969864 8
20 0 23018309 2
20 0 23108376 2
20 0 23123700 2
20 0 23167786 4
20 0 23682582 2
20 0 23726028 1
20 0 23788857 0
20 0 23898367 0
20 0 23908138 2
20 0 23936348 1
20 0 23983378 1
20 0 24275147 2
20 0 24330766 2
20 0 24573550 2
20 0 24632756 1
20 0 24643969 2
20 0 24716227 2
20 0 24735751 2
20 0 24789676 2
20 0 25034398 2
20 0 25047655 2
20 0 25738310 2
20 0 25799134 0
20 0 25895026 2
20 0 25900027 0
20 0 26062443 1
20 0 26076716 2
20 0 26237499 0
20 0 26311740 2
20 0 26544731 8
20 0 26546044 2
20 0 26603262 2
20 0 26786320 0
20 0 26790028 2
20 0 27082062 4
20 0 27220960 4
20 0 27384874 8
20 0 27433410 0
20 0 27496136 2
20 0 27579536 8
20 0 27936391 2
20 0 27987371 2
20 0 28069043 2
20 0 28161506 1
20 0 28246302 1
20 0 28260092 8
20 0 28276530 2
20 0 28323861 2
20 0 28356961 2
20 0 28382134 8
20 0 28502299 2
20 0 28545562 2
20 0 28627705 2
20 0 28693200 1
20 0 28792132 2
20 0 28857200 2
20 0 28900541 2
20 0 28983785 2
20 0 29275358 2
20 0 29331886 0
20 0 29449645 2
20 0 29454091 2
20 0 29484394 2
20 0 29492203 2
20 0 29514844 2
20 0 29678520 1
20 0 29844385 8
20 0 29885413 2
20 0 30083256 1
20 0 30108693 4
20 0 30127933 2
20 0 30154433 2
20 0 30190369 4
20 0 30286728 2
20 0 30481931 2
22 0 23425038 1
22 0 23656200 1
22 0 23782157 8
22 0 23940282 8
22 0 23962569 4
22 0 24445187 1
22 0 24659631 8
22 0 24778403 1
22 0 24893155 1
22 0 24957109 4
22 0 25081321 4
22 0 25150798 0
22 0 25189416 2
22 0 25355819 8
22 0 25374999 1
22 0 25795921 2
22 0 26138997 1
22 0 26139428 4
22 0 26193343 8
22 0 26254443 4
22 0 26348626 1
22 0 26588193 8
22 0 27713153 4
22 0 27776353 1
22 0 28061447 4
22 0 28418267 8
22 0 28592889 8
22 0 28715249 8
22 0 29079592 4
22 0 29359797 1
22 0 29383700 4
22 0 29441438 4
22 0 29470582 8
22 0 29873072 8
22 0 30115641 4
23 0 16688779 2
23 0 17136225 0
23 0 17243944 0
23 0 17878479 0
23 0 18695882 0
23 0 18936474 0
23 0 19211364 1
23 0 19409038 0
23 0 19946413 0
23 0 20065189 1
23 0 20160495 0
23 0 20371720 0
23 0 20811710 0
23 0 20859451 0
23 0 20930041 1
23 0 20967300 0
23 0 21046425 0
23 0 21220477 2
23 0 21247755 0
23 0 21350000 0
23 0 21383525 1
23 0 21460789 1
23 0 21715537 1
23 0 21770481 1
23 0 21819274 0
23 0 21836817 8
23 0 22025146 8
23 0 22025155 8
23 0 22083086 8
23 0 22158569 1
23 0 22162569 8
23 0 22184381 0
23 0 22233588 1
23 0 22241953 8
23 0 22336242 0
23 0 22343387 1
23 0 22370318 0
23 0 22429581 0
23 0 22500115 1
23 0 22608542 0
23 0 22665903 8
23 0 22715896 8
23 0 22904617 1
23 0 22938056 1
23 0 23011723 1
23 0 23099652 0
23 0 23133319 1
23 0 23148184 1
23 0 23170308 1
23 0 23177099 0
23 0 23202050 1
23 0 23225494 0
23 0 23231950 1
23 0 23274758 0
23 0 23317774 4
23 0 23537410 1
23 0 23543666 8
23 0 23582411 4
23 0 23584298 0
23 0 23640345 8
23 0 23704249 1
23 0 23766359 8
23 0 23811235 0
23 0 23861835 0
23 0 24075125 0
23 0 24170548 2
23 0 24256343 2
23 0 24259657 8
23 0 24743192 1
23 0 24955027 1
23 0 25318585 1
23 0 25465739 1
23 0 25553081 1
23 0 25720956 0
23 0 25908961 1
23 0 25972901 1
23 0 26170630 1
23 0 26559299 1
23 0 26608066 1
23 0 26635725 1
23 0 26715573 0
23 0 26839093 1
23 0 27345554 1
23 0 27429741 0
23 0 27618325 1
23 0 27620278 2
23 0 27664392 1
23 0 27873490 0
23 0 28068878 1
23 0 28602103 1
23 0 28818671 1
23 0 28911729 1
23 0 29187393 1
23 0 29517106 2
23 0 29704768 1
23 0 29774010 8
23 0 29872479 1
23 0 30017832 0
23 0 30206772 1
23 0 30297385 4
24 0 25583779 2
24 0 26660517 1
24 0 27245312 2
24 0 27292784 1
24 0 27355333 1
24 0 27466707 1
24 0 27621679 1
24 0 27890252 2
24 0 28124097 1
24 0 28228392 0
24 0 28232670 2
24 0 28286924 2
24 0 28315358 2
24 0 28388242 2
24 0 28879540 0
24 0 29057061 1
24 0 29090344 2
24 0 29156201 2
24 0 29266015 1
24 0 29278535 2
24 0 29367755 1
24 0 29439493 2
24 0 29543066 2
24 0 29635267 2
24 0 29670690 2
24 0 29742078 0
24 0 29769206 0
24 0 29773061 1
24 0 29805076 1
24 0 29860938 8
24 0 29882807 2
24 0 29925981 2
24 0 29934313 2
24 0 29950729 2
24 0 30093505 2
24 0 30209701 2
24 0 30223250 2
24 0 30231226 2
24 0 30249606 1
24 0 30260154 2
24 0 30260155 2
24 0 30271102 2
24 0 30302215 2
24 0 30355724 1
24 0 30358592 2
24 0 30401522 2
24 0 30416011 2
24 0 30466743 2
25 0 19236257 1
25 0 19519199 0
25 0 20028764 2
25 0 20616958 1
25 0 20709650 1
25 0 20875616 1
25 0 21606416 0
25 0 21880788 0
25 0 21937680 2
25 0 21999177 0
25 0 22229217 4
25 0 22261804 2
25 0 22264850 1
25 0 22570554 1
25 0 22921183 2
25 0 22949147 4
25 0 22977191 2
25 0 23053262 1
25 0 23118806 1
25 0 23149898 1
25 0 23179335 2
25 0 23199019 0
25 0 23238831 1
25 0 23306912 1
25 0 23312881 2
25 0 23317499 1
25 0 23429593 0
25 0 23432698 1
25 0 23562587 1
25 0 23642329 4
25 0 23730520 1
25 0 23836346 1
25 0 24043464 1
25 0 24045663 4
25 0 24047539 1
25 0 24050123 1
25 0 24128964 1
25 0 24158967 1
25 0 24179482 1
25 0 24259608 1
25 0 24273599 1
25 0 24292447 0
25 0 24298632 1
25 0 24390630 8
25 0 24392302 1
25 0 24403498 1
25 0 24534706 4
25 0 24616571 1
25 0 24768040 1
25 0 25032013 1
25 0 25045279 1
25 0 25070487 8
25 0 25136356 1
25 0 25138900 1
25 0 25142418 2
25 0 25152076 1
25 0 25325116 1
25 0 25458604 1
25 0 25466509 2
25 0 25493238 1
25 0 25579664 1
25 0 25580262 1
25 0 25616671 1
25 0 25808652 1
25 0 25866690 1
25 0 25936669 0
25 0 25947099 0
25 0 25988772 1
25 0 25994542 1
25 0 26076885 2
25 0 26220913 1
25 0 26224565 1
25 0 26232849 1
25 0 26281694 1
25 0 26706237 4
25 0 26730280 1
25 0 26907512 1
25 0 26938715 0
25 0 27039822 2
25 0 27435924 0
25 0 27551256 1
25 0 27718155 2
25 0 28102464 2
25 0 28104567 4
25 0 28279730 0
25 0 28545998 0
25 0 28712102 1
25 0 28761750 1
25 0 28768426 1
25 0 28792245 2
25 0 28807738 4
25 0 29562227 1
25 0 29670046 0
25 0 29853657 0
25 0 29928383 1
25 0 29980490 2
25 0 30117334 4
25 0 30119079 1
25 0 30190967 1
25 0 30254966 2
26 0 17288876 2
26 0 18230058 1
26 0 19037839 2
26 0 19402073 1
26 0 19509175 2
26 0 19956806 1
26 0 20008644 4
26 0 20407031 8
26 0 20469994 1
26 0 20511320 1
26 0 20881954 2
26 0 20981133 1
26 0 21049083 1
26 0 21059813 8
26 0 21395357 1
26 0 21470066 1
26 0 21484496 1
26 0 21576632 8
26 0 21704235 8
26 0 21831725 2
26 0 21931501 1
26 0 22014006 4
26 0 22112314 1
26 0 22233389 1
26 0 22651902 4
26 0 22754592 2
26 0 22766517 4
26 0 22861374 1
26 0 22984765 1
26 0 23054212 2
26 0 23072642 1
26 0 23321547 8
26 0 23572408 1
26 0 23636448 4
26 0 23665131 4
26 0 23692504 1
26 0 23715625 8
26 0 23721300 4
26 0 23891158 4
26 0 23964934 8
26 0 24037486 8
26 0 24070900 8
26 0 24082917 1
26 0 24107823 2
26 0 24356634 2
26 0 24402960 1
26 0 24464355 2
26 0 24565697 2
26 0 24577167 2
26 0 24606083 2
26 0 24648773 1
26 0 24935162 1
26 0 24977453 1
26 0 25056491 4
26 0 25286010 2
26 0 25345493 1
26 0 25498215 4
26 0 25538263 8
26 0 25618828 8
26 0 25688516 2
26 0 25715772 2
26 0 25813447 4
26 0 25832874 1
26 0 25963915 1
26 0 26228213 4
26 0 26296187 1
26 0 26483058 2
26 0 26573089 4
26 0 26658889 4
26 0 26816734 2
26 0 26908455 8
26 0 27377922 8
26 0 27487293 4
26 0 27549785 1
26 0 27568124 4
26 0 27721266 8
26 0 27823651 8
26 0 27918762 4
26 0 28077238 4
26 0 28108284 4
26 0 28139444 4
26 0 28185218 1
26 0 28504837 8
26 0 28523933 4
26 0 28664385 1
26 0 28680399 1
26 0 28761748 1
26 0 28775690 4
26 0 28801802 4
26 0 28810837 2
26 0 29147408 2
26 0 29172746 1
26 0 29242937 4
26 0 29277808 8
26 0 29357824 1
26 0 29571135 1
26 0 29877179 8
26 0 30236511 2
26 0 30268423 2
26 0 30374686 2
27 0 16452220 0
27 0 16645167 1
27 0 16859583 2
27 0 16988583 2
27 0 17074668 0
27 0 17215530 8
27 0 17239282 2
27 0 17545544 0
27 0 17553211 2
27 0 18054825 2
27 0 18192256 2
27 0 18230058 0
27 0 18520294 1
27 0 18650519 1
27 0 18695262 2
27 0 19199506 2
27 0 19451442 8
27 0 19478894 2
27 0 19542731 2
27 0 19638574 1
27 0 19783865 1
27 0 19850637 2
27 0 19940466 2
27 0 20030473 2
27 0 20072831 2
27 0 20159822 2
27 0 20163987 2
27 0 20337484 0
27 0 20553208 2
27 0 20714148 1
27 0 20830316 4
27 0 20942625 2
27 0 21175989 2
27 0 21206909 1
27 0 21342228 2
27 0 21387258 2
27 0 21558995 2
27 0 21767516 1
27 0 21951623 1
27 0 22095228 2
27 0 22179180 1
27 0 22214462 1
27 0 22226825 2
27 0 22583422 1
27 0 22652566 0
27 0 22665524 1
27 0 22688785 2
27 0 22741022 8
27 0 22782962 2
27 0 23145926 1
27 0 23237217 2
27 0 23328294 8
27 0 23548259 2
27 0 23598172 8
27 0 23612033 0
27 0 23614653 2
27 0 23630366 4
27 0 23774984 1
27 0 23870052 0
27 0 24019545 4
27 0 24045661 1
27 0 24091892 2
27 0 24124745 2
27 0 24127298 2
27 0 24152417 2
27 0 24206640 4
27 0 25622960 2
27 0 25647522 2
27 0 25900027 2
27 0 25952317 4
27 0 26117830 4
27 0 26170693 2
27 0 26194211 8
27 0 26322676 2
27 0 26512636 0
27 0 26625878 2
27 0 26711209 2
27 0 26786320 1
27 0 26818051 8
27 0 26980234 2
27 0 27236771 2
27 0 27302463 1
27 0 27488093 2
27 0 27721264 8
27 0 27721266 8
27 0 27841868 2
27 0 28012035 8
27 0 28276433 2
27 0 28373826 2
27 0 28536078 1
27 0 28693290 0
27 0 28891933 2
27 0 29137334 2
27 0 29277834 2
27 0 29723866 1
27 0 29933095 4
27 0 30058839 4
27 0 30199304 2
27 0 30372398 2
27 0 30421088 2
28 0 23020132 4
28 0 23026823 1
28 0 23369684 1
28 0 23441129 1
28 0 23645591 1
28 0 23658559 1
28 0 23846731 1
28 0 23917385 1
28 0 24265154 1
28 0 24419498 1
28 0 24664475 1
28 0 24684639 1
28 0 24756797 1
28 0 24875464 1
28 0 24880943 1
28 0 25473943 1
28 0 25500057 2
28 0 25504439 1
28 0 25542057 2
28 0 25615947 1
28 0 25648338 1
28 0 25684183 1
28 0 25794603 8
28 0 25812921 1
28 0 25855137 1
28 0 25961376 1
28 0 26018524 1
28 0 26072686 1
28 0 26075998 1
28 0 26078801 1
28 0 26107021 1
28 0 26217117 1
28 0 26225238 1
28 0 26228819 1
28 0 26331795 1
28 0 26648623 1
28 0 26723875 1
28 0 26728409 1
28 0 26743513 1
28 0 26832408 1
28 0 26847682 1
28 0 26873702 1
28 0 26940938 4
28 0 27051803 1
28 0 27079278 8
28 0 27124486 4
28 0 27188223 1
28 0 27201939 1
28 0 27338794 1
28 0 27388234 1
28 0 27429047 1
28 0 27470608 2
28 0 27690220 1
28 0 27803104 1
28 0 27864013 8
28 0 27876675 2
28 0 27905182 1
28 0 27940476 1
28 0 27956228 1
28 0 27956260 1
28 0 28009226 1
28 0 28067893 1
28 0 28252479 1
28 0 28261653 2
28 0 28268064 4
28 0 28377484 4
28 0 28474232 0
28 0 28628251 8
28 0 28720543 1
28 0 28827234 2
28 0 28861837 1
28 0 28921907 1
28 0 28947956 1
28 0 28982179 1
28 0 28991513 4
28 0 29023842 1
28 0 29050517 1
28 0 29133622 1
28 0 29197575 1
28 0 29259009 1
28 0 29356790 2
28 0 29356791 1
28 0 29361468 4
28 0 29384960 2
28 0 29548491 1
28 0 29599312 1
28 0 29650281 1
28 0 29662630 1
28 0 29741568 1
28 0 29949047 8
28 0 30009647 2
28 0 30068711 1
28 0 30087028 2
28 0 30118796 1
28 0 30196713 2
28 0 30343620 8
28 0 30383630 1
28 0 30428063 4
28 0 30429107 1
28 0 30513023 1
29 0 17483355 1
29 0 19318576 1
29 0 20072648 1
29 0 20946682 1
29 0 21154129 1
29 0 21308771 1
29 0 21623265 1
29 0 22042947 2
29 0 22536569 1
29 0 22553343 1
29 0 22585997 1
29 0 22594847 1
29 0 22614968 1
29 0 22729845 1
29 0 22948846 1
29 0 22989574 1
29 0 23254764 1
29 0 23453860 8
29 0 23615728 1
29 0 23671386 1
29 0 23934135 2
29 0 23962905 1
29 0 23992325 1
29 0 24118504 1
29 0 24170771 1
29 0 24192513 1
29 0 24284055 1
29 0 24386407 1
29 0 24389444 1
29 0 24762619 1
29 0 24828661 1
29 0 25055117 1
29 0 25193856 1
29 0 25226813 1
29 0 25266653 1
29 0 25344360 2
29 0 25382190 1
29 0 25502629 1
29 0 25769807 1
29 0 25806189 1
29 0 25971939 1
29 0 25999733 1
29 0 26345996 1
29 0 26404902 2
29 0 26412935 1
29 0 26620497 1
29 0 26724472 1
29 0 26852079 1
29 0 26892698 1
29 0 26899759 1
29 0 26988570 1
29 0 27022036 1
29 0 27343442 1
29 0 27393507 1
29 0 27405684 2
29 0 27496196 1
29 0 27623107 1
29 0 27664533 1
29 0 27666659 1
29 0 27693535 1
29 0 27745897 1
29 0 27748834 1
29 0 27786238 8
29 0 27969534 2
29 0 27988098 1
29 0 28008383 1
29 0 28024693 1
29 0 28271038 1
29 0 28274743 1
29 0 28324883 1
29 0 28474864 1
29 0 28498406 1
29 0 28499860 1
29 0 28502721 2
29 0 28522754 1
29 0 28607809 1
29 0 28806950 1
29 0 28855353 1
29 0 28886275 1
29 0 28950372 2
29 0 29047029 1
29 0 29199685 1
29 0 29284707 1
29 0 29381967 1
29 0 29527595 1
29 0 29552141 1
29 0 29573824 1
29 0 29741569 1
29 0 29935852 1
29 0 30021798 1
29 0 30069759 1
29 0 30089599 8
29 0 30095326 1
29 0 30205166 2
29 0 30268451 2
29 0 30339198 1
29 0 30352902 2
29 0 30368411 1
29 0 30422759 1
29 0 30477470 2
30 0 21170960 0
30 0 23177514 8
30 0 23306912 1
30 0 23435872 1
30 0 23553067 2
30 0 23997941 1
30 0 24756792 1
30 0 24896071 1
30 0 25071018 0
30 0 25326159 8
30 0 25341011 1
30 0 26184520 0
30 0 26419617 0
30 0 26476076 0
30 0 26599335 0
30 0 26865419 2
30 0 27371698 0
30 0 27466548 4
30 0 27670892 4
30 0 28622036 1
30 0 28738235 1
30 0 28790159 0
30 0 28874891 4
30 0 28978118 2
30 0 29061771 8
30 0 29174481 8
30 0 29175677 8
30 0 29279709 1
30 0 29304109 4
30 0 29310342 0
30 0 29563833 1
30 0 29924031 1
30 0 29936654 0
30 0 29940763 4
30 0 29943375 1
30 0 29944884 0
30 0 30042010 4
30 0 30069758 0
30 0 30120161 2
30 0 30123970 0
30 0 30149986 0
30 0 30190299 8
30 0 30190967 0
30 0 30290640 8
30 0 30344762 4
30 0 30449862 1
30 0 30508156 2
32 0 24452395 1
32 0 24816152 1
32 0 27291995 8
32 0 27291997 8
32 0 27480665 4
32 0 27827816 2
32 0 27995580 2
32 0 28090157 2
32 0 28125485 2
32 0 28205191 2
32 0 28426120 8
32 0 28447475 2
32 0 28461327 4
32 0 28492292 2
32 0 28515258 2
32 0 28620891 4
32 0 28691538 4
32 0 28745071 2
32 0 28778132 2
32 0 28787747 2
32 0 28794805 2
32 0 28862476 2
32 0 28914440 2
32 0 28917265 2
32 0 29191969 2
32 0 29263653 2
32 0 29270033 2
32 0 29497315 4
32 0 29510588 2
32 0 29719366 4
32 0 29768050 2
32 0 29785170 4
32 0 30013298 2
32 0 30032714 2
32 0 30173532 2
32 0 30173639 2
32 0 30353601 4
32 0 30367709 2
32 0 30406840 4
32 0 30513001 2
33 0 15563243 1
33 0 16740688 1
33 0 17145584 2
33 0 17263126 2
33 0 17823993 1
33 0 17979602 2
33 0 17984986 1
33 0 17987219 2
33 0 18265991 1
33 0 18385198 4
33 0 18425931 8
33 0 18607393 2
33 0 18774471 2
33 0 18981458 1
33 0 19070807 1
33 0 19100905 1
33 0 19173737 4
33 0 19213664 1
33 0 19236264 2
33 0 19379082 2
33 0 19399651 1
33 0 19430003 1
33 0 19442061 2
33 0 19519537 2
33 0 19528803 4
33 0 19963097 2
33 0 20456985 2
33 0 20458330 2
33 0 20595449 4
33 0 20836575 1
33 0 20858724 1
33 0 21082945 1
33 0 21139932 1
33 0 21240463 1
33 0 21266794 1
33 0 21417551 1
33 0 21512806 4
33 0 21707289 4
33 0 21763970 2
33 0 21789110 1
33 0 21827395 2
33 0 21952069 4
33 0 22056247 4
33 0 22139625 2
33 0 22171218 1
33 0 22237457 1
33 0 22436420 1
33 0 22754592 1
33 0 22762560 1
33 0 22818130 2
33 0 22844126 4
33 0 22873368 2
33 0 23235277 1
33 0 23271044 1
33 0 23291985 1
33 0 23301136 1
33 0 23371277 2
33 0 23382028 1
33 0 23548153 1
33 0 23684373 8
33 0 24012472 4
33 0 24019183 1
33 0 24024788 2
33 0 24091619 1
33 0 24243565 1
33 0 24383842 1
33 0 24411587 2
33 0 24456785 8
33 0 24552895 1
33 0 24613250 1
33 0 24640949 2
33 0 24674872 1
33 0 24715498 1
33 0 24991762 1
33 0 25054058 8
33 0 25152703 1
33 0 25336989 1
33 0 25365943 2
33 0 25686740 8
33 0 25878190 1
33 0 25938001 1
33 0 26075448 2
33 0 26328245 1
33 0 26330533 1
33 0 26480622 4
33 0 26572704 2
33 0 26689508 4
33 0 27258723 1
33 0 27277600 2
33 0 28105206 1
33 0 28618305 1
33 0 28926611 1
33 0 28961834 4
33 0 29200680 1
33 0 29317515 1
33 0 29632054 1
33 0 29721158 1
33 0 29871347 1
33 0 30349605 2
33 0 30374686 1
34 0 25912635 4
34 0 28633365 8
34 0 28942659 1
34 0 29222281 1
34 0 30147333 8
34 0 30322870 1
35 0 19726763 8
35 0 20024066 1
35 0 20496266 1
35 0 21041712 1
35 0 21300762 2
35 0 22457212 1
35 0 22670903 2
35 0 22670904 4
35 0 22788238 2
35 0 22805146 2
35 0 22844657 2
35 0 22894666 1
35 0 23032746 1
35 0 23319845 4
35 0 23329081 4
35 0 23342272 2
35 0 23515044 1
35 0 23515405 1
35 0 23553850 4
35 0 23605693 4
35 0 23652945 4
35 0 23662017 4
35 0 23719880 2
35 0 23725561 4
35 0 23768306 1
35 0 24085060 2
35 0 24136169 4
35 0 24189279 4
35 0 24229739 4
35 0 24301238 1
35 0 24350028 2
35 0 24359667 2
35 0 24550577 1
35 0 24623282 1
35 0 24740281 1
35 0 24857041 2
35 0 24918565 1
35 0 24929884 2
35 0 24941979 8
35 0 24980564 2
35 0 24985127 2
35 0 25001266 8
35 0 25033383 4
35 0 25117162 1
35 0 25268601 1
35 0 25278454 8
35 0 25337679 2
35 0 25386306 2
35 0 25425396 1
35 0 25690490 4
35 0 25729822 4
35 0 25738842 1
35 0 25750342 2
35 0 25874733 2
35 0 25876211 1
35 0 25913533 2
35 0 25981002 4
35 0 25981813 4
35 0 25998864 1
35 0 26073903 1
35 0 26114264 2
35 0 26169613 1
35 0 26343727 1
35 0 26355613 1
35 0 26389028 1
35 0 26449347 4
35 0 26546616 2
35 0 26839306 1
35 0 26891329 2
35 0 26914338 4
35 0 26930381 1
35 0 27051749 2
35 0 27069629 1
35 0 27163943 1
35 0 27448604 2
35 0 27764798 4
35 0 27838224 2
35 0 27928965 2
35 0 28297142 1
35 0 28458774 2
35 0 28511673 4
35 0 28523596 4
35 0 28607774 2
35 0 28618224 1
35 0 28780365 8
35 0 28831360 4
35 0 29055164 4
35 0 29073584 4
35 0 29102653 4
35 0 29274272 4
35 0 29387745 1
35 0 29463581 1
35 0 29854516 1
35 0 29895211 1
35 0 30005721 2
35 0 30178564 2
35 0 30219896 1
35 0 30297799 1
35 0 30444747 2
35 0 30472793 1
36 0 22409342 2
36 0 24014301 2
36 0 24766469 2
36 0 25048787 2
36 0 25258342 8
36 0 25355689 2
36 0 25670221 2
36 0 25912635 8
36 0 25917267 8
36 0 26062943 2
36 0 26153226 2
36 0 26416145 2
36 0 26489499 2
36 0 26489500 2
36 0 26489501 2
36 0 26500849 2
36 0 26628631 2
36 0 26776345 2
36 0 26893063 2
36 0 26989080 1
36 0 27040704 4
36 0 27052260 2
36 0 27174919 8
36 0 27253240 2
36 0 27324214 2
36 0 27357816 2
36 0 27375364 2
36 0 27541051 2
36 0 27808579 2
36 0 28017967 4
36 0 28119806 2
36 0 28176634 2
36 0 28199309 1
36 0 28350342 2
36 0 28388280 4
36 0 28446054 2
36 0 28482721 2
36 0 28592762 2
36 0 28802037 2
36 0 28835371 1
36 0 28942659 2
36 0 28945111 2
36 0 28946015 2
36 0 29191916 8
36 0 29233821 4
36 0 29465308 4
36 0 29479062 1
36 0 29522278 2
36 0 29728204 2
36 0 30033575 4
36 0 30067771 1
36 0 30094870 8
36 0 30147333 2
36 0 30287523 4
36 0 30318318 4
36 0 30352859 4
36 0 30430368 4
36 0 30504318 2
36 0 30523122 8
37 0 22350184 1
37 0 26141621 1
37 0 26673799 4
37 0 26743513 1
37 0 26925841 4
37 0 28277830 1
37 0 28284557 8
37 0 28537004 1
37 0 28587477 1
37 0 28851243 1
37 0 28860801 1
37 0 28919996 1
37 0 29108355 4
37 0 29245078 4
37 0 29356698 1
37 0 29363351 1
37 0 29573941 8
37 0 29767411 4
37 0 29903896 4
37 0 30145328 1
37 0 30154648 1
37 0 30219628 8
37 0 30349640 1
39 0 26457764 1
39 0 26565381 0
39 0 26753004 1
39 0 26939704 1
39 0 27003761 1
39 0 27370605 0
39 0 27682212 1
39 0 28183697 2
39 0 28465216 1
39 0 29085074 1
39 0 29237803 0
39 0 30050303 1
39 0 30425456 0
40 0 15998836 2
40 0 16080496 1
40 0 16997179 2
40 0 18300754 1
40 0 19672152 2
40 0 19860191 1
40 0 22534616 2
40 0 24127442 8
40 0 26365212 4
40 0 28487292 1
40 0 28556364 2
40 0 29463550 2
40 0 29713444 2
40 0 30071517 4
40 0 30074259 8
40 0 30093401 8
40 0 30223250 1
40 0 30305501 2
40 0 30466753 2
